Year    GDP - $ billion     (000) Total federal outlays - percent GDP   (E00) Total state/local outlays - percent GDP
1962    605.1   17.65   0.00
1963    638.6   17.43   0.00
1964    685.8   17.28   0.00
1965    743.7   15.90   0.00
1966    815 16.51   0.00
1967    861.7   18.27   0.00
1968    942.5   18.90   0.00
1969    1019.9  18.01   0.00
1970    1075.9  18.18   0.00
1971    1167.8  18.00   0.00
1972    1282.4  17.99   0.00
1973    1428.5  17.20   0.00
1974    1548.8  17.39   0.00
1975    1688.9  19.68   0.00
1976    1877.6  19.80   0.00
1977    2086    19.62   0.00
1978    2356.6  19.47   0.00
1979    2632.1  19.15   0.00
1980    2862.5  20.64   0.00
1981    3211    21.12   0.00
1982    3345    22.29   0.00
1983    3638.1  22.22   0.00
1984    4040.7  21.08   0.00
1985    4346.7  21.77   0.00
1986    4590.2  21.58   0.00
1987    4870.2  20.62   0.00
1988    5252.6  20.26   0.00
1989    5657.7  20.22   0.00
1990    5979.6  20.95   0.00
1991    6174    21.45   0.00
1992    6539.3  21.13   17.54
1993    6878.7  20.49   17.59
1994    7308.8  20.00   17.25
1995    7664.1  19.78   17.59
1996    8100.2  19.26   17.21
1997    8608.5  18.60   16.92
1998    9089.2  18.18   16.79
1999    9660.6  17.62   16.79
2000    10284.8 17.39   16.95
2001    10621.8 17.54   17.81
2002    10977.5 18.32   18.65
2003    11510.7 18.76   18.80
2004    12274.9 18.68   18.43
2005    13093.7 18.88   18.05
2006    13855.9 19.16   18.01
2007    14477.6 18.85   18.37
2008    14718.6 20.26   19.26
2009    14418.7 24.40   20.73
2010    14964.4 23.10   20.79
2011    15079.6 23.89   20.92
2012    15601.5 22.67   20.17
2013    16202.7 21.32   19.24
2014    17011.4 20.61   18.17
2015    17936.1 20.96   17.36
2016    18934.2 21.12   16.82
2017    19980   21.11   16.52
2018    21024.8 21.04   16.45
2019    21539.9 21.60   16.98
2020    22476.4 21.74   17.29
